29048 31251 33022 25040 45.4117 -2653.5
12520 40562 43560 33271 45.4359 415.7
44705 23973 19104 15814 45.4612 -6094
25588 43220 53556 23392 45.4647 -3267
21367 47379 17210 31027 45.483 -422.3
15474 31245 32473 29646 45.5144 -936.5
31948 31461 27077 40452 45.5503 3091.7
28662 52559 46986 22568 45.5861 -3574
45758 27535 18264 36368 45.5845 1568.8
43859 28361 26006 41535 45.6288 3496
39769 43997 24291 20496 45.6479 -4348
36750 43329 37635 45803 45.6703 5088
17197 47305 30007 30446 45.6798 -638.3
24710 49865 35277 32121 45.6989 -13.72
27511 20574 40408 13101 45.6835 -7104
25294 48530 41089 46013 45.7034 5167
11021 49865 30454 32310 45.6876 56.52
18453 43736 25516 41568 45.7013 3509
50438 52084 29552 17216 45.7216 -5571
26995 31755 35053 48640 45.7028 6145
52803 41083 11373 46995 45.683 5531
42213 40306 27569 24648 45.646 -2799.8
10567 32518 41671 44978 45.6398 4781
24078 36284 11533 33231 45.6266 399.5
16114 46164 41936 28980 45.6099 -1184
21820 22694 30436 15783 45.6177 -6105
29697 22247 40438 46253 45.5856 5257
47963 49584 38241 27445 45.5961 -1756.4
43046 18726 39088 22429 45.5691 -3626
26899 47218 32889 20101 45.0944 -4494
42275 47331 46594 29055 45.0643 -1155
47368 31969 34969 43977 45.0591 4409
45334 52965 48524 52251 45.0339 7495
47252 42702 49199 42098 45.0212 3709
30509 36435 51942 42346 44.9715 3802
31666 37025 54560 17484 44.9613 -5469
31213 45335 21059 15131 44.9402 -6348
44453 22636 23121 22571 44.9038 -3573
30090 32998 25079 21208 44.8684 -4082
30752 10911 13394 16751 44.7465 -5744
19397 44340 47721 29337 44.6908 -1049.4
49336 22104 17127 50773 44.6695 6943
44190 40410 54756 44884 44.6326 4749
54897 50399 18253 43991 44.5821 4415
44820 49828 44380 50512 44.5599 6847
30108 34706 34647 26108 42.6509 -2252.4
49193 50680 34484 44338 42.6158 4548
54611 18681 50927 17644 42.6091 -5409
26745 41668 32725 37975 42.582 2174
35697 41234 25800 53780 42.5669 8069
46297 27237 35273 14413 42.5521 -6614
18126 32778 19827 30416 42.5225 -646
49742 54299 54236 29264 42.4854 -1074.1
18009 38332 30748 14731 42.4828 -6496
21381 25348 36113 42506 42.4941 3865
22999 33476 40960 10962 42.4479 -7902
48307 21893 38313 31185 42.442 -358.3
21134 21305 47812 53055 42.4167 7800
42483 37291 21460 16122 42.4099 -5978
12484 43355 30801 27797 42.3926 -1622.3
41961 36407 37372 48478 42.2959 6093
49475 12780 39206 54172 42.3046 8217
36169 21031 32843 18541 42.2946 -5075
30630 11984 33141 42724 42.287 3947
49241 55134 49086 20755 42.2473 -4248
27605 45516 28521 40501 42.2497 3116.5
22635 20633 36980 36362 42.2164 1573.2
44523 28067 41330 31259 42.1885 -330.1
47558 21117 22116 34650 41.5204 934.8
35366 53438 14700 16630 41.504 -5788
29690 11443 23254 34057 41.4631 713.7
41766 27014 49881 11294 41.4488 -7777
24809 29450 45343 31385 41.4265 -282.2
38367 37946 23665 43862 41.4 4372
52618 20506 55325 28508 41.3635 -1355
36215 48971 14333 25898 40.9474 -2330.2
30976 34824 32488 18928 40.9111 -4930
31335 50697 22286 39515 40.8929 2750.5
14045 17609 47495 25940 40.8663 -2313
27837 38125 40478 34367 40.8397 830.9
46251 17827 48958 54796 40.8107 8453
43845 38790 15876 34968 40.764 1054
44907 35710 45684 50585 40.738 6883
54322 54873 23110 32645 40.1512 188.15
32634 13612 42339 45357 40.0924 4933
54323 11060 53914 20832 40.0703 -4218
31451 16108 49668 35732 40.045 1341.4
13315 29247 18742 36113 40.0332 1482.2
31419 48818 31629 49741 40.0073 6569
41633 20868 52293 21494 39.9828 -3971
33828 20608 18819 35899 39.9596 1402.5
35149 18952 21978 16524 39.9343 -5827
31308 32623 21217 33268 39.9183 421
36700 11281 28418 32044 39.8798 -35.53
16598 30828 15450 26128 39.8489 -2243.6
29838 54550 17119 22411 39.838 -3630
20016 14780 52499 33746 39.8224 600.9
36488 27242 15195 46946 39.7858 5525
37942 22741 27067 22407 39.7805 -3631
13921 30500 29765 24270 39.7693 -2936
35879 30801 26115 52514 39.7547 7603
55618 14861 20892 42835 39.7374 3992
26037 41219 17963 18595 39.6909 -5054
24465 54956 40814 34978 39.7111 1060.3
35973 38874 28795 37242 39.6927 1904.6
40340 33596 34869 53057 39.6932 7807
14159 45212 26715 15090 39.661 -6362
33029 19689 38059 46713 39.653 5440
39461 40284 17981 48226 39.6476 6004
11904 55544 33317 12853 39.6158 -7196
54670 28164 34282 47505 39.6213 5735
43171 41633 21928 13752 39.6083 -6861
41583 16332 11058 11813 39.6015 -7585
26409 39987 30868 17392 39.5861 -5502
41250 46683 15625 31837 39.5706 -112.9
50284 32808 11212 18770 39.5727 -4989
19395 48761 45210 24314 39.5621 -2918
42923 53822 40442 29331 39.548 -1046.8
35759 19849 37180 22512 39.5424 -3591
47350 50116 48811 26257 39.5309 -2193.5
29243 27305 45535 13690 39.5266 -6883
20959 24969 33126 45104 39.5428 4840
44590 33123 33229 11686 39.5258 -7632
30663 48766 23959 48820 39.5123 6226
29005 45356 14273 43462 39.5108 4226
17963 46307 35644 31847 39.501 -108.1
24417 45901 41003 49664 39.4955 6542
51439 48566 44960 38229 39.5078 2274.1
21449 15765 36543 20263 39.4935 -4430
11547 37337 44347 47816 39.4832 5852
25536 11936 22916 44201 39.4921 4502
38061 24973 32051 51711 39.4943 7305
14094 20630 10836 43634 39.4921 4290
42849 48108 30943 41692 39.5056 3567
14115 45628 9924 18544 39.4937 -5073
31171 29512 44254 51250 39.4991 7134
24937 18858 21728 21822 39.4902 -3849
38770 12639 39987 18866 39.4969 -4952
15545 37831 15516 48353 39.4689 6051
51792 34951 9873 24007 39.4847 -3034.9
42319 12449 24515 21572 39.4761 -3942
47079 52832 11116 24248 39.4492 -2945
28428 51519 41437 15132 39.4772 -6345
15313 9852 53335 10991 39.4667 -7890
30664 29296 34429 21558 39.4767 -3947
12776 48409 14148 33302 39.4655 434.3
30311 29333 37562 47763 39.4771 5832
12464 38979 42195 43981 39.4552 4422
27948 14236 40630 32794 39.0451 246.25
13196 32578 25455 26610 39.0165 -2062.4
29289 51625 45238 46563 38.999 5386
39806 30860 51604 36581 38.9817 1660.1
13825 41219 11940 35564 38.976 1278.7
34372 37191 25436 18518 38.9398 -5082
23878 44016 19537 33077 38.9342 351.1
51348 21700 48929 42254 38.9067 3778
52972 20854 40197 53969 38.8575 8149
22652 29692 50136 39960 38.8506 2922
54609 35430 18473 41124 38.8424 3355
10140 20555 37104 53623 38.8235 8020
25590 50204 24874 46966 38.7817 5536
28039 33513 13475 29492 38.7729 -987.2
26275 49146 25246 53722 38.749 8056
31643 38003 14497 31153 38.7315 -367.3
45994 28593 45804 28798 38.7077 -1244.6
26447 19143 34101 45455 38.6972 4972
34780 39722 45728 31756 38.6785 -140.75
22461 23073 26512 23555 38.6301 -3202
55491 53262 47798 51785 38.6268 7335
17172 24531 28269 19419 38.6069 -4746
51758 13419 22446 34400 38.5937 845.2
53077 29529 33702 12974 38.5582 -7151
11596 35181 29869 51502 38.54 7229
28628 46146 36676 14208 38.5394 -6690
22051 10983 23804 18421 38.5284 -5118
42464 15177 55136 35401 38.5025 1220.4
31409 48835 50974 13072 38.5106 -7113
32336 21768 46714 23210 38.483 -3330
52943 44586 20464 50340 38.4824 6795
39059 54032 36493 25854 38.455 -2343.6
30336 39777 52251 45710 38.4323 5068
40403 42660 44072 44921 38.439 4774
52898 34740 28689 13991 38.4236 -6771
43012 43871 39308 30535 38.4062 -596.4
48957 36799 46244 44405 38.3804 4581
19514 15244 18470 19866 38.3692 -4579
12545 22466 24330 52052 38.3784 7434
11910 10146 17325 52017 38.3653 7421
29382 42976 30894 39704 38.3402 2825.3
34278 10893 15267 42767 38.294 3969
10407 14466 40320 44235 38.293 4518
50012 42909 51610 32037 38.2784 -35.21
50357 18467 41143 42893 38.258 4017
23607 19355 49450 24227 38.254 -2950.3
